-54.152800144300144, -53.94491991341991, 31.16688728770423
-52.81717378540705, -55.43604337606579, 29.854671785088208
-51.42018618495342, -56.86976695725047, 28.482101091346802
-49.95803111965577, -58.236911238299385, 27.039976031935108
-48.42492065066322, -59.52392011414912, 25.516507152877306
-46.81858410534185, -60.71815120480316, 24.00859147846846
-45.13724812463851, -61.80412250070261, 22.675267627605603
-43.3812502536267, -62.7645133142715, 21.24222246974703
-41.55560623812251, -63.584577835374134, 20.269418149534758
-39.66825517536941, -64.25031739903588, 19.247397291089058
-37.73124676931559, -64.7536423262105, 18.261606846663746
-35.758838498679566, -65.09296860208806, 17.59724362157618
-33.765853661926016, -65.27724805621145, 16.931472463571463
-31.76475248398394, -65.32306410151946, 16.35024141451605
-29.764108606183676, -65.25613212320668, 15.799706558549085
-27.76756394909551, -65.1099761226397, 15.14194347892856
-25.774080779239014, -64.92592515373117, 14.431604618236646
-23.779267826547507, -64.75743307309024, 13.664686499957169
-21.7793052244952, -64.67674698030535, 12.881428218986295
-19.78132442764004, -64.78304879031523, 12.085361848048043
-17.78811913974179, -64.96995087541379, 11.435274889514268
-15.792200832296908, -65.1251237697241, 11.107231724780858
-13.793810927910775, -65.2442456764088, 11.101854821964755
-11.793568784371764, -65.32666363105974, 11.368003594877989
-9.792222783349008, -65.37569725696792, 11.971738275316113
-7.790383121048272, -65.39711644713245, 12.778186328976076
-5.788423331511656, -65.39750460436014, 13.837803207017659
-3.786514851267629, -65.38269643906045, 14.972123750364858
-1.7847101073212501, -65.35736151048926, 16.098000747050374
0.21699432653188844, -65.32500362921225, 17.365489005036423
2.218621295766328, -65.2881412772794, 18.77447402702696
4.220196397704881, -65.24855360866196, 20.056662674480048
6.221742062851716, -65.20750134953144, 21.437038130542156
8.223275790652046, -65.16587027723236, 22.101189541512277
10.224806828761903, -65.12411004247026, 20.20851092211394
12.226335165029857, -65.08222052243475, 18.285003317450894
14.227859687890536, -65.04014921320943, 16.13380104275018
16.229378514489433, -64.99780783530673, 13.840544331809152
18.230888307879628, -64.9550417630103, 11.505147003845911
20.232382370302844, -64.91154632467415, 9.241796754345826
22.233844459831186, -64.86660681327531, 6.652881263518087
24.235226051691637, -64.81823556310621, 4.39567106151795
26.23641763364182, -64.76258027396806, 3.8567366832596788
28.237990617776113, -64.77292490730623, 7.6509721079622475
30.239121954759224, -64.83072687835669, 9.635733483913762
32.240465248025316, -64.88042459935902, 10.628105675461686
34.24224129445836, -64.90667878899248, 11.23421646966158
36.24414860955707, -64.89740193962258, 11.34592092674621
38.245148526416, -64.83770520412979, 11.080847090429643
40.24249392876232, -64.70432976872696, 10.314200755835596
42.22818831631881, -64.45353549185073, 9.080448209405862
44.170436327291824, -63.978105575325955, 7.09512031183333
45.96050641552952, -63.08783813724377, 10.436717108311306
47.682290080009714, -62.066603997030654, 13.679099981082329
49.37317465073896, -60.99490005148777, 15.981104187586443
51.03705967352829, -59.881720976003756, 17.560569020410597
52.674111774056854, -58.729445700111576, 18.78133810490524
54.283021999236766, -57.53819938131566, 19.52898540981351
55.86084738295425, -56.306086611436534, 20.03639366228426
57.40346707221008, -55.03019147113987, 20.309625161985895
58.90524167158836, -53.7064968344536, 20.356678920547182
60.35844314860038, -52.32970407253265, 20.188267790844897
61.75235276977969, -50.89298862288161, 19.81897256727082
63.071853263554864, -49.38775822278555, 19.26897171083709
64.29469441058492, -47.803184774537506, 18.56664139097065
65.38758922107498, -46.12668485213637, 17.580872208271188
66.30049071162584, -44.3463974364183, 16.71103185313026
66.95581569744706, -42.45716633037285, 15.601778014080548
67.24450275495077, -40.480206201696824, 14.994345636581533
67.26476240541474, -38.47837620358405, 13.320044395386313
67.32365249720651, -36.47732131860646, 11.469917851927216
67.43091421876977, -34.47828250260723, 9.427201405024773
67.58497836707441, -32.48228826766648, 7.517632690289953
67.75115494925245, -30.48726403656257, 5.357894721537697
67.70462369521707, -28.491124312350617, 3.6747127409704037
66.83349422799435, -26.712609668109824, 0.0000028423525060761016
66.83349422799422, -26.712609668109668, 0
54.33959327690573, -11.095233479249067, 0
endData
20
62.83
50
-54.152800144300144, -53.94491991341991, -40.01694444444444, -70.36745815295815, -28.167771284271282, -63.92317099567099, -20.06044227994228, -64.75469191919191
-20.06044227994228, -64.75469191919191, -11.953113275613276, -65.58621284271283, -6.967730514338541, -65.48235070185294, 8.003388888888889, -65.17045238095238
8.003388888888889, -65.17045238095238, 22.974508292116315, -64.85855406005183, 23.85640149640939, -64.83260800385801, 26.504729437229436, -64.75469191919191
26.504729437229436, -64.75469191919191, 29.153057378049482, -64.67677583452581, 41.056345598845596, -65.58621284271284, 44.79818975468975, -63.715290764790765
44.79818975468975, -63.715290764790765, 48.54003391053391, -61.84436868686869, 67.2492546897547, -50.20307575757576, 67.2492546897547, -40.224824675324676
67.2492546897547, -40.224824675324676, 67.2492546897547, -30.24657359307359, 68.70488415339766, -29.051847074863957, 66.83349422799422, -26.712609668109668
